154 109 441
319
26 A 107 62 323
53 B 109 1 213
62 C 77 2 377
31 D 115 63 419
97 E 120 5 244
82 F 7 3 143
70 G 7 6 38
57 H 72 57 412
91 I 22 9 68
21 J 116 62 380
76 K 14 5 148
42 L 7 3 38
48 M 105 55 409
3 N 7 3 54
31 O 66 21 425
43 P 68 60 106
69 Q 113 10 202
26 R 41 22 177
79 S 123 25 322
41 T 51 20 345
82 U 152 81 258
15 V 95 62 199
14 W 41 24 87
19 X 61 22 286
45 Y 148 6 423
95 Z 149 5 187
34 AA 140 73 212
72 AB 62 2 232
56 AC 143 90 210
69 AD 55 22 369
16 AE 11 4 73
4 AF 31 4 58
28 AG 79 64 326
56 AH 7 2 289
92 AI 107 36 133
30 AJ 68 20 320
15 AK 48 40 218
25 AL 25 11 84
21 AM 9 5 317
13 AN 150 74 317
53 AO 55 7 364
81 AP 43 11 89
24 AQ 4 2 5
70 AR 105 48 406
90 AS 83 72 101
21 AT 35 21 218
51 AU 115 54 302
72 AV 53 3 235
36 AW 150 92 246
40 AX 64 31 412
38 AY 4 2 237
30 AZ 47 32 57
10 BA 3 1 29
37 BB 28 17 40
74 BC 88 55 384
11 BD 147 52 166
40 BE 35 29 241
43 BF 6 2 438
85 BG 25 1 85
3 BH 19 10 30
48 BI 12 5 179
97 BJ 59 39 417
1 BK 16 15 403
23 BL 35 5 82
5 BM 71 3 120
73 BN 102 78 387
14 BO 28 1 186
92 BP 60 12 163
10 BQ 84 82 285
1 BR 130 58 139
29 BS 153 50 295
45 BT 105 67 359
6 BU 79 15 86
67 BV 71 61 425
88 BW 56 44 212
1 BX 111 48 312
91 BY 27 17 85
44 BZ 70 32 109
28 CA 6 4 218
25 CB 31 26 101
45 CC 92 15 297
62 CD 79 34 203
37 CE 70 63 295
16 CF 105 77 171
31 CG 70 50 255
86 CH 61 2 69
94 CI 144 89 174
90 CJ 19 12 242
81 CK 65 23 398
81 CL 49 32 439
90 CM 148 68 422
71 CN 45 38 156
40 CO 4 3 307
18 CP 6 2 160
64 CQ 124 68 232
55 CR 102 19 395
81 CS 52 8 327
2 CT 128 40 291
65 CU 1 1 7
18 CV 86 8 237
7 CW 23 4 35
58 CX 51 36 117
63 CY 12 2 51
35 CZ 71 61 377
12 DA 3 2 79
93 DB 4 1 246
25 DC 2 1 439
43 DD 19 18 73
49 DE 46 6 220
73 DF 39 7 115
20 DG 25 12 170
95 DH 44 16 332
16 DI 15 6 56
60 DJ 120 48 401
58 DK 8 7 9
86 DL 60 48 124
60 DM 70 7 204
84 DN 38 21 71
91 DO 136 45 149
19 DP 53 8 70
78 DQ 131 97 258
24 DR 1 1 2
11 DS 66 49 179
28 DT 67 51 235
11 DU 14 3 416
57 DV 21 8 140
5 DW 10 8 44
87 DX 116 96 146
3 DY 7 4 29
33 DZ 64 24 401
20 EA 149 54 419
90 EB 34 31 105
78 EC 3 1 243
10 ED 134 7 257
18 EE 21 1 23
86 EF 33 15 149
98 EG 3 2 144
3 EH 2 1 20
5 EI 36 2 142
38 EJ 3 1 4
62 EK 76 1 298
52 EL 90 42 168
41 EM 83 63 118
9 EN 100 13 131
62 EO 80 28 422
95 EP 43 37 333
55 EQ 112 1 377
79 ER 44 18 75
60 ES 139 99 265
78 ET 141 8 418
94 EU 83 7 384
96 EV 66 25 73
10 EW 15 5 22
47 EX 11 6 248
39 EY 5 2 304
83 EZ 14 8 282
47 FA 50 48 89
35 FB 13 3 83
25 FC 54 49 106
54 FD 120 74 270
88 FE 49 38 243
37 FF 65 15 304
40 FG 18 11 23
17 FH 109 66 426
54 FI 45 29 231
29 FJ 74 41 219
18 FK 60 49 63
6 FL 115 39 163
43 FM 29 11 42
71 FN 142 44 382
87 FO 67 59 206
58 FP 2 1 294
80 FQ 153 66 319
54 FR 8 3 13
57 FS 37 31 410
27 FT 102 87 162
82 FU 114 4 245
3 FV 73 59 159
66 FW 28 16 378
16 FX 92 68 192
3 FY 29 25 368
26 FZ 46 13 93
28 GA 132 31 316
25 GB 119 52 399
38 GC 18 7 416
23 GD 68 35 233
80 GE 112 3 219
32 GF 48 9 233
71 GG 17 16 164
34 GH 26 21 33
40 GI 23 9 80
64 GJ 30 12 382
78 GK 111 80 187
50 GL 100 80 257
50 GM 100 97 255
25 GN 64 23 242
12 GO 51 38 197
25 GP 24 20 26
55 GQ 47 41 317
33 GR 129 43 304
77 GS 87 5 136
50 GT 111 53 200
37 GU 3 2 34
88 GV 16 11 426
90 GW 140 9 342
37 GX 89 59 94
16 GY 75 52 91
56 GZ 96 46 268
90 HA 5 2 38
12 HB 23 20 236
1 HC 113 96 235
45 HD 42 1 151
69 HE 20 18 334
9 HF 73 25 216
52 HG 74 17 193
62 HH 4 1 12
10 HI 78 28 349
16 HJ 45 1 93
78 HK 108 2 309
31 HL 57 34 253
49 HM 31 28 58
86 HN 7 3 16
35 HO 67 43 369
9 HP 14 11 30
32 HQ 110 38 324
23 HR 27 4 156
80 HS 7 6 110
30 HT 108 69 146
5 HU 50 13 234
32 HV 99 57 380
16 HW 29 22 437
58 HX 52 48 144
47 HY 62 3 181
33 HZ 29 24 377
38 IA 111 6 169
53 IB 73 56 233
89 IC 54 29 294
39 ID 50 16 382
34 IE 123 86 335
2 IF 63 7 126
7 IG 51 40 53
25 IH 3 1 29
41 II 13 5 32
59 IJ 145 83 184
33 IK 18 15 46
95 IL 146 3 436
95 IM 1 1 262
69 IN 31 9 214
98 IO 3 2 20
87 IP 87 49 198
16 IQ 8 7 61
96 IR 113 23 411
46 IS 9 6 27
25 IT 70 5 342
84 IU 39 16 181
91 IV 117 101 336
15 IW 119 92 192
28 IX 106 53 342
57 IY 75 58 118
67 IZ 4 3 220
56 JA 96 81 182
86 JB 43 35 350
52 JC 27 18 383
58 JD 143 69 291
96 JE 126 59 163
43 JF 12 11 343
97 JG 44 16 391
36 JH 3 2 409
71 JI 56 24 313
99 JJ 102 11 175
73 JK 86 26 192
70 JL 56 46 309
81 JM 61 59 99
77 JN 137 65 260
24 JO 94 79 122
24 JP 40 34 98
45 JQ 75 42 421
76 JR 94 69 367
75 JS 75 45 259
37 JT 2 1 22
28 JU 73 37 168
12 JV 35 13 243
31 JW 98 45 147
18 JX 85 39 313
17 JY 46 18 428
19 JZ 100 24 338
12 KA 75 71 419
23 KB 68 13 249
49 KC 92 87 241
46 KD 18 15 247
38 KE 18 10 101
61 KF 5 2 25
81 KG 29 16 40
66 KH 136 80 210
45 KI 38 35 183
21 KJ 39 12 46
73 KK 126 90 155
83 KL 15 9 162
62 KM 125 4 424
90 KN 1 1 143
98 KO 119 60 184
60 KP 74 28 255
97 KQ 141 10 406
99 KR 104 96 425
14 KS 73 44 305
45 KT 14 3 94
15 KU 48 35 109
69 KV 33 10 280
2 KW 17 2 20
60 KX 15 6 416
47 KY 118 78 174
38 KZ 10 2 407
53 LA 69 52 83
21 LB 28 26 243
40 LC 39 6 100
45 LD 104 65 399
55 LE 115 73 437
35 LF 12 7 367
42 LG 120 61 391
